================================================================================
RESUMEN DE REFERENCIAS
================================================================================

Total de referencias: 44
Fecha de generación: 2026-03-03 20:44:32

1. 2006

2. 2012

3. 1994

4. 2009

5. 1934

6. 2006

7. 2013

8. 1997

9. 2004

10. 2017

11. 2002

12. 2014

13. 2011

14. 2007

15. 2010

16. 2018

17. 2016

18. 1991

19. 2018

20. 2008

21. 2012

22. 2015

23. 2013

24. 2009

25. 2002

26. 2007

27. 2014

28. 2015

29. 2012

30. 2016

31. 2015

32. 2016

33. 2009

34. 2014

35. 2003

36. 1996

37. 2018

38. 2015

39. 2017

40. 2015

41. 2018

42. 2003

43. 2015

44. 2019

